3,
9,10,10,5,1,
0.45249,-1.9511,-5.70790,-2.98208,6.762588,-1.27334,2.400224,1.570224,-0.91224,-0.98791,1.631411,
-0.93805,-0.95116,-4.23993,0.636783,7.230383,-3.49902,5.437312,3.669512,-0.10542,2.133712,-2.25954,
-0.42609,1.189129,-0.63892,-5.36322,-2.98189,2.369289,6.296759,2.873929,-3.65899,1.774209,-2.78279,
-0.86668,-0.57708,6.840388,-2.50608,2.835788,-0.90909,1.518269,0.424039,-0.42023,0.469343,2.133773,
0.554933,3.578133,1.761333,-2.86783,-5.46828,-0.10769,1.250569,0.167189,3.193379,-0.17602,4.909942,
0.478592,-5.35917,-5.37806,0.608906,4.581736,1.334976,-1.70258,-1.72108,-0.27301,-0.28448,0.476958,
-0.36631,-3.51657,-3.46417,-2.27112,-3.45435,0.888395,3.760835,1.695095,-1.47633,2.336063,-1.48659,
-0.30026,-0.13906,-3.24606,0.853736,-0.87330,2.646830,-8.74072,-3.30072,-1.38548,-1.96852,-3.19899,
0.469619,0.555739,7.612429,3.641209,-10.31071,-0.209501,-1.989301,1.5515601,3.1895401,1.2950901,-1.522321,
-1.394131,-1.371391,0.6244691,1.5631791,1.8113191,0.3221391,1.3151891,2.5504791,-1.939011,1.7089211,-0.109611,
2.6168111,-1.283281,-0.537121,-1.913531,-1.766831,-0.363771,1.7015271,2.1162271,-0.534761,1.6642861,2.3477261,
-3.489821,-0.791251,-0.296331,0.6853331,-0.505571,-0.280221,0.5982621,1.7244821,0.1153821,-0.907221,-1.123161,
-12.57897,-0.781267,-0.926477,-2.113547,-1.299267,0.5913967,1.1268867,1.6028467,0.4076167,1.3746967,-0.860937,
0.8211937,-0.460437,-0.243917,0.2799117,0.2026217,0.2854417,0.1052817,-0.874367,1.5937967,0.4936667,1.3096967,
-10.76880,-1.468780,-0.321550,-0.460920,-1.996020,-0.861000,0.5033500,-0.549950,0.5105950,0.5740550,-1.132850,
-5.141870,-1.450110,-0.308710,-0.101740,-0.468740,-0.606770,-0.112070,0.8351870,0.4428770,-0.504730,-0.565420,
2.2546220,-0.377740,0.3277140,1.2750140,-0.946200,-0.796000,-0.516030,-1.156430,1.1502330,-0.987780,1.1882680,
-2.435640,-0.818350,0.1420250,0.1192650,0.5011150,-0.500420,-0.240680,1.9287680,-0.608470,0.7438470,-0.367690,
-0.647770,-0.935740,-0.432600,-0.397200,-0.403750,-0.880160,-1.757100,-1.831030,-0.440330,-1.435690,0.9369190,
0.5919390,0.7858590,0.7930390,-0.514850,0.6042450,0.6022250,
0.9754350,-0.384440,0.3873840,0.7278840,0.1954440,0.2826340,
-0.759070,0.8238970,-0.910500,-1.270280,0.6901980,0.6581880,
-0.809630,0.9791830,0.7857430,-0.649000,-0.177850,0.8723850,
-0.302930,0.8559930,0.9237330,-0.284630,0.3851130,-0.934670,
-0.946270,-0.729390,-0.721380,0.3131880,0.4323680,0.4964380,
-1.476380,-0.180570,0.3240770,-0.335670,0.5499570,-0.740700,
-0.661910,0.1847710,0.8200110,-1.479610,-0.521430,-0.367510,
-0.342380,0.4956180,0.8158180,-0.279810,-0.845710,-0.873560,
0.2080860,0.6043760,0.3387360,-0.229700,0.2363700,1.9883700,
0.2144200,-0.441090,
-0.652430,-0.369550,
0.7161750,0.3773850,
-0.359330,0.7113330,
-0.183420,-0.894840,
-0.764740,
