3,
9,10,10,5,1,
0.45249,-0.71596,-8.57112,-2.65280,5.806870,-1.15033,1.531193,0.812653,-0.38325,-0.93275,1.236755,
-0.93805,-0.59174,-4.35446,0.440956,6.225746,-2.62213,4.851073,3.587293,-0.44743,2.271543,-2.70533,
-0.42609,0.829439,-1.57144,-3.86998,-4.71912,1.659052,4.971462,2.359422,-2.54599,1.692989,-2.85024,
-0.86668,0.256768,4.872158,-1.11507,3.709877,-0.15701,1.622121,0.846181,-0.57895,0.778855,1.710545,
0.554935,3.183795,3.149935,-2.71825,-2.89640,0.126520,-1.10263,-0.71239,2.997819,-0.31691,4.258231,
0.478591,-5.55301,-4.39949,0.125309,3.612059,1.114369,-1.94498,-1.78652,0.396582,-0.26836,0.448846,
-0.36631,-3.70657,-1.17247,-2.43204,-1.27556,0.568966,4.663466,2.341516,-0.56240,2.695740,-1.25694,
-0.30026,0.452046,-3.32740,0.574640,-1.45110,2.129580,-7.38360,-2.25919,-1.69879,-1.50369,-3.29598,
0.469618,1.177018,6.143138,3.111308,-8.41259,-0.17304,-2.21222,1.317632,3.403412,1.354212,-1.86983,
-1.65715,-1.22989,0.607309,1.305309,1.355709,0.327819,1.186419,2.211699,-1.28502,1.572202,-0.18287,
2.551567,-1.29272,-0.53944,-1.86047,-1.74602,-0.36269,1.784849,2.339229,-0.57544,1.767284,2.116814,
-2.99553,-0.75032,-0.30074,0.381664,-0.47521,-0.27981,0.549331,1.621731,0.267231,-0.13678,-0.90778,
-10.53198,-0.602098,-0.956668,-1.884698,-1.115838,0.6358738,1.1641438,1.5670838,0.2869738,1.4522738,-1.210538,
0.4493438,-0.493098,-0.242718,0.2111418,-0.129618,0.2882418,0.1876618,-0.716338,1.2884838,0.6035338,1.4613738,
-8.882878,-0.829578,-0.368438,-0.442688,-1.356218,-0.819388,0.7519288,-0.603868,-0.116648,0.9865048,-0.958538,
-4.198878,-1.322678,-0.339298,-0.107198,-0.657198,-0.575808,0.1916008,0.9969008,0.6361208,-0.172598,-0.286068,
1.8599068,-0.394738,0.3252738,1.3623238,-0.912198,-0.792408,-0.412598,-0.809668,1.4640668,-0.838708,1.1301808,
-2.219108,-0.752858,0.1255458,0.3181458,0.2345458,-0.484658,-0.121208,1.1843908,-0.601518,0.2021518,-0.145018,
-0.322508,-0.920408,-0.438128,-0.341378,-0.271068,-0.875488,-1.690138,-1.818638,0.1450438,-1.338138,0.3686138,
0.5644738,0.7899138,0.7736638,-0.582258,0.6029058,0.6151358,
0.9793658,-0.385808,0.3745908,0.7346508,0.1905208,0.2793508,
-0.788908,0.8428008,-0.918048,-1.232378,0.6884178,0.6613378,
-0.763618,0.9964318,0.7781418,-0.656888,-0.179398,0.8913598,
-0.306038,0.8632038,0.9069938,-0.341138,0.3888538,-0.920428,
-0.934028,-0.701918,-0.697738,0.4211038,0.4801938,0.5202838,
-0.949818,-0.220838,0.2485338,-0.192388,0.6278688,-0.869028,
-0.741718,0.1410218,0.8553218,-1.432128,-0.535108,-0.462458,
-0.335458,0.5421658,0.1445358,-0.205988,-0.780118,-0.824648,
0.1989248,0.5510348,0.2794848,-0.225168,0.2276168,0.9283468,
0.2065668,-0.515638,
-0.662938,-0.381598,
0.7115198,0.4949398,
-0.357638,0.1015538,
-0.196578,-0.991388,
0.1023288,
