1,
9,15,12,10,10,1,
0.45249,0.83067,0.18864,0.30714,0.95029,0.32312,0.57302,0.57698,-0.85179,-0.34029,0.167489,-0.93805,0.857185,-0.96049,0.558749,-0.32791,
-0.31494,-0.17036,0.814626,0.302966,0.141266,-0.98434,-0.42609,0.459139,0.404809,-0.94089,-0.55258,0.744138,0.434898,0.770918,-0.32728,0.342858,
0.211048,-0.86668,0.536488,0.653738,-0.71029,-0.99523,-0.12253,-0.80598,0.384718,0.250128,0.509958,-0.76408,0.554938,0.503178,0.952538,-0.64407,
-0.10089,0.670849,0.152349,-0.20042,0.583582,-0.15972,0.849172,0.478592,-0.74972,-0.74209,0.531459,-0.11520,-0.58346,0.775546,-0.32116,0.676256,
0.848546,0.596056,-0.36631,-0.79631,-0.72968,-0.91458,0.933458,0.763318,0.451988,-0.30713,0.908873,0.195463,-0.63975,-0.30026,0.521926,0.278526,
0.705296,-0.28059,0.528789,-0.59228,-0.79778,-0.56016,-0.20912,-0.71921,0.469611,0.170681,0.682141,0.534581,0.979251,0.827961,0.846291,0.750701,
0.580941,0.779561,-0.29213,-0.26557,-0.85319,0.637559,0.356109,0.349519,0.357709,-0.38765,0.748765,-0.39985,0.588905,0.662785,0.910085,-0.82870,
-0.58306,-0.68672,-0.39989,-0.40982,-0.49545,-0.31836,-0.27365,0.144925,0.683105,0.544085,-0.55102,-0.31911,0.963611,-0.37856,-0.29295,-0.55124,
0.404764,0.733854,-0.95634,-0.66874,0.143924,-0.26305,-0.99218,-0.79627,-0.55758,0.726868,0.958398,0.993498,-0.30943,0.944483,0.357313,-0.61937,
-0.50967,-0.20811,0.448191,0.470071,0.313881,0.525231,-0.32069,0.994579,0.762389,0.858089,-0.91311,0.303151,-0.36467,
0.532847,-0.70309,-0.71367,0.978767,-0.27793,-0.28733,0.918713,-0.92872,-0.75158,-0.91358,-0.33627,0.655867,0.413097,
-0.51767,-0.29883,0.384903,0.717703,-0.66635,-0.85665,0.549355,-0.33282,0.315032,0.831052,-0.59791,-0.78191,-0.17212,
-0.72650,0.964040,-0.89471,0.222371,0.270061,-0.47460,0.135220,-0.35264,0.620964,-0.44454,-0.23899,0.767329,-0.67389,
-0.36551,-0.79849,0.557679,-0.28513,-0.43143,-0.71353,-0.39268,-0.86196,-0.39004,-0.37607,-0.61937,-0.15300,0.615900,
0.422150,0.768650,0.758550,-0.43864,0.621444,0.606574,0.983024,-0.39946,0.375096,0.816516,0.183896,0.272346,-0.88628,
0.921558,-0.94900,-0.96663,0.834563,0.507733,-0.91686,0.887906,0.803376,-0.47327,-0.14772,0.882432,-0.32046,0.867116,
0.895696,-0.26892,0.362322,-0.88672,-0.33388,-0.83435,-0.72489,0.813319,0.775319,0.335129,-0.36498,-0.11418,0.346668,
-0.51138,0.530218,-0.71453,-0.96267,0.212187,0.706197,-0.76895,-0.58513,-0.69280,0.404000,0.282140,0.175370,-0.46984,
-0.41775,-0.97704,0.184894,0.522504,0.316764,-0.51966,0.233286,0.838586,0.165216,-0.45022,-0.69892,-0.44832,0.757522,
0.459602,-0.25333,0.231433,-0.25259,-0.90035,0.740835,-0.67058,0.135918,-0.76220,-0.90248,0.467478,0.655118,-0.15863,
0.983443,0.820343,0.271143,-0.74895,0.493205,0.489815,-0.24071,0.923591,-0.89124,-0.83178,0.366728,-0.68002,0.302202,
0.400152,-0.97898,0.110888,-0.82928,-0.78612,0.893212,-0.98285,0.993165,0.676875,-0.56280,-0.89671,-0.39009,-0.16434,
-0.39236,0.367456,-0.45172,0.213792,-0.58151,0.319081,-0.53139,-0.67818,-0.65371,-0.15651,0.745181,-0.57440,-0.58847,
-0.60247,0.332707,0.174217,-0.13194,-0.50837,0.313177,-0.52362,0.638752,-0.17084,-0.66258,-0.89097,-0.92847,0.829007,
0.374367,-0.61321,0.859811,0.467731,-0.39072,-0.83885,-0.37727,-0.55714,0.151864,-0.19209,0.246409,
-0.29520,0.987520,-0.91170,-0.22542,-0.98859,0.599619,0.764659,-0.51362,0.854922,-0.63550,0.934370,
-0.72660,0.460050,0.772440,-0.73792,-0.70179,0.556279,0.228469,0.234259,0.658449,0.314369,-0.13449,
-0.20821,-0.94112,0.892842,0.744032,-0.64615,-0.41315,-0.70472,0.299072,0.500282,0.794862,-0.39731,
-0.64863,0.113243,-0.86843,-0.96713,0.730583,-0.20739,-0.48929,0.503399,-0.50993,0.635483,-0.83131,
0.974671,0.962751,-0.37371,0.743561,0.144761,-0.87991,0.691761,-0.42983,0.419983,0.238113,0.910203,
-0.73058,-0.25317,0.679597,0.461597,0.995197,0.486107,0.552297,0.519027,0.126947,-0.38624,0.387474,
-0.52959,0.185619,0.567719,-0.22624,-0.49744,0.800344,-0.22736,0.613236,0.511006,-0.16539,-0.28475,
0.409225,0.774815,0.389845,0.461145,-0.50338,-0.60549,0.200839,-0.42607,-0.44423,0.497193,-0.78164,
0.652184,-0.14212,-0.71879,0.673899,0.459609,-0.51394,-0.68770,-0.55681,0.498761,-0.48056,-0.31566,
-0.59869,-0.57339,0.143479,0.543479,-0.69661,-0.50338,0.979838,-0.98063,-0.48795,0.838315,0.717365,
0.994905,0.464545,-0.74034,0.974214,0.159514,-0.32904,-0.15944,-0.69494,0.874714,-0.46344,0.205984,
-0.87024,-0.43102,-0.33989,-0.15074,0.448884,0.354964,0.346824,-0.83981,0.418951,0.707991,-0.91587,
0.931187,-0.89787,0.395917,-0.61228,0.266978,0.932788,-0.81304,0.406274,-0.33741,-0.25528,0.287748,
-0.63692,-0.31082,0.226132,0.400532,0.261472,0.547792,-0.24390,-0.77753,0.635593,-0.46434,0.354374,
-0.37362,-0.80973,-0.62816,0.281056,-0.33745,0.636955,0.973695,-0.11718,-0.52033,0.746363,-0.31929,
0.406669,0.714189,-0.48300,-0.96991,0.152721,-0.54612,-0.73084,0.331924,0.796804,0.590324,0.620584,
0.484844,0.754114,0.939454,-0.65965,-0.61594,-0.33379,0.322379,0.350699,-0.98023,0.670643,-0.77586,
-0.28193,0.926743,-0.61275,0.160665,0.173315,-0.83275,0.556455,-0.44467,-0.52547,-0.71547,-0.18061,
-0.84997,-0.13036,-0.50823,-0.27144,0.766554,0.918654,-0.77312,0.314662,0.415762,0.619872,0.420012,
-0.62685,-0.91601,-0.48256,-0.24055,0.931625,0.797455,0.507995,0.964825,0.546825,0.187365,0.936245,
0.459145,-0.29383,0.327153,0.269723,0.979833,-0.93868,0.787348,0.108978,-0.74852,-0.78741,-0.35431,
0.627471,0.913841,
-0.89641,0.151531,
-0.16349,0.915889,
0.937209,0.369609,
0.298639,0.328819,
-0.37064,0.918594,
-0.28804,-0.73080,
-0.70683,0.892253,
-0.98128,-0.77760,
-0.73902,-0.74512,
0.925372,
